Sediminibacterium_sp_QYPL01000001.1
1 7352
8980 9208
9774 13738
26156 27556
28102 29269
29878 31961
33204 37123
37995 39713
40133 40407
46357 46527
47325 48862
Sediminibacterium_sp_QYPL01000002.1
4373 4725
5551 10391
11184 12161
17681 22691
23018 34891
37974 38545
38851 43058
44538 47774
50850 69401
70859 74798
77303 85220
87137 90969
91879 102241
103586 106310
106844 111574
129747 132701
140484 140541
142558 142852
145020 149582
154471 157826
160713 161407
161930 164928
Sediminibacterium_sp_QYPL01000003.1
1 167
13474 17716
22742 25946
26147 29715
31754 31958
35815 37154
44362 44859
47790 47901
51852 56763
58180 62171
62540 62747
64186 64350
66798 68896
79398 79490
79943 80180
82106 83713
85074 87513
Sediminibacterium_sp_QYPL01000004.1
7058 7639
15995 19045
21117 21735
22611 22667
26184 27679
38846 40252
40700 40919
42349 43275
45448 45802
46635 46687
46852 47401
49482 51870
56689 56784
57303 57512
62327 63688
64088 65676
67966 68602
73334 76786
81508 82775
83725 95891
96504 97202
103688 104490
105280 105344
107476 118388
118765 118998
119319 126590
132371 135328
136265 136445
138096 138664
Sediminibacterium_sp_QYPL01000005.1
1 117
2567 4147
5738 11426
12591 12647
17659 21964
22796 29946
32410 33521
34063 37689
38664 42067
42223 43073
48999 49152
52412 52967
55755 56298
61429 71568
72264 72626
77249 77467
86057 86125
91250 94107
95126 95232
99265 99368
99570 101300
101782 104339
106181 116092
118419 119725
124823 127304
131111 131237
131588 135253
135329 135469
140059 141952
Sediminibacterium_sp_QYPL01000006.1
851 10643
11056 12685
14873 15920
16393 20930
21325 22360
25204 28694
32407 35560
37383 50377
50812 51629
54926 56549
56688 59857
60026 64067
67317 67494
73902 75075
77544 77610
78271 78514
Sediminibacterium_sp_QYPL01000007.1
1292 1736
4913 6771
10412 10603
12011 12256
Sediminibacterium_sp_QYPL01000008.1
1 1447
4097 6448
8147 9235
12075 12519
14896 15132
17013 17364
23756 26872
27460 27826
30105 30210
31755 31912
Sediminibacterium_sp_QYPL01000009.1
2639 6443
8134 8186
9643 9791
10952 14544
16936 26656
28428 29205
29308 29438
29568 30432
31847 34062
34194 37519
37814 44469
45791 49378
Sediminibacterium_sp_QYPL01000010.1
4022 4093
7949 17682
18541 20053
20658 20931
21384 22755
26259 27901
28591 37916
44180 46654
46830 48877
49013 49494
54678 58526
58718 59504
Sediminibacterium_sp_QYPL01000011.1
1 3003
4693 4750
7522 7829
16894 16948
17583 17633
22945 23320
27355 28032
28868 31873
32914 41312
Sediminibacterium_sp_QYPL01000012.1
1 1697
4908 7483
7732 11049
13973 14115
14789 15468
17096 17409
18045 21829
23887 24141
24693 24744
26078 26919
42032 42414
42931 43165
45682 45804
46822 50692
57370 62126
Sediminibacterium_sp_QYPL01000013.1
2296 2521
4569 8255
21315 21388
23000 25324
26630 26796
29633 30974
36009 36264
37781 40117
41879 46324
46426 56234
Sediminibacterium_sp_QYPL01000014.1
3178 4222
4641 6341
16133 16454
17929 18489
20548 21385
25280 27655
32045 32270
41111 42694
42884 43660
43866 54547
54943 56104
58252 58825
63513 68151
70050 76304
77375 78366
82746 85240
88716 89482
91278 93346
94365 94518
95867 101080
101701 102087
104107 106858
114588 117789
120123 120315
122250 126274
127471 141018
142613 145762
152968 153291
154518 159873
161304 161418
164395 165096
169045 169693
170937 171465
172417 174417
177660 181137
182219 184661
187210 189720
191154 191918
194881 197646
197855 200235
Sediminibacterium_sp_QYPL01000015.1
1 53
3833 4302
6030 6222
6885 7442
10634 14187
19818 20847
24297 24879
27746 40051
47762 47964
56916 61751
62186 62408
Sediminibacterium_sp_QYPL01000016.1
5653 7376
19564 22421
23828 24734
28141 31971
33085 33263
41617 41673
Sediminibacterium_sp_QYPL01000017.1
1 4270
5028 5463
7224 7728
8733 13886
17112 17222
23868 25306
26144 26395
31333 33611
35185 41790
45226 46399
46597 47369
48015 48106
50234 52261
52417 54552
56895 58097
59834 62211
Sediminibacterium_sp_QYPL01000018.1
1 197
6279 7349
13616 13752
13919 14517
18483 24254
27654 28852
30418 36161
41163 46594
46730 47949
50251 57353
64670 64881
66514 68394
74207 74964
77848 80116
82132 82459
85606 85738
89809 96193
100332 100924
101726 103228
103435 103726
Sediminibacterium_sp_QYPL01000019.1
1 521
2125 2370
2579 2689
3867 8239
9237 16998
Sediminibacterium_sp_QYPL01000020.1
3265 5028
8566 13569
19690 19768
21202 23708
29224 31787
34034 35630
39880 46386
50310 51450
56803 57137
66765 67063
Sediminibacterium_sp_QYPL01000021.1
1 357
435 624
1160 3306
15192 15604
17843 18870
19411 19477
25747 30340
30974 32441
33921 35663
Sediminibacterium_sp_QYPL01000022.1
3183 5129
7172 17221
18329 18404
Sediminibacterium_sp_QYPL01000023.1
3512 3996
9925 10298
22561 25394
25973 34236
34995 43332
43843 44022
44737 46673
47137 51462
Sediminibacterium_sp_QYPL01000024.1
4094 6204
7945 8011
8686 14507
14675 14844
15640 16394
Sediminibacterium_sp_QYPL01000025.1
1 68
3205 12632
13146 13477
Sediminibacterium_sp_QYPL01000026.1
1 2281
3751 8089
9966 11428
11991 12066
13927 14763
17023 19086
Sediminibacterium_sp_QYPL01000027.1
1 1045
1925 2896
9770 9991
13034 14371
18730 18800
22137 24833
Sediminibacterium_sp_QYPL01000028.1
1 1348
1656 6776
10222 13865
13997 14218
14741 17698
21977 22754
30222 30477
Sediminibacterium_sp_QYPL01000029.1
1 392
627 1078
1574 1631
5891 8708
10633 10816
12630 13923
18498 20469
Sediminibacterium_sp_QYPL01000030.1
1 5095
12481 12534
13976 14026
18271 18880
Sphingorhabdus_wooponensis_NZ_RWJI01000001.1
1 8891
9398 13524
14621 15092
17801 17982
18491 20707
20869 22451
23263 23423
24785 25088
26054 28065
28474 35840
37730 38985
39259 39753
40140 41447
42546 46414
47090 47199
48559 51997
52601 54553
55649 63956
64311 68591
68907 76759
77745 99496
100119 100479
100742 101549
103913 104612
105481 116099
116348 117654
118571 123162
123304 126121
130684 130816
131926 136695
137279 138375
139030 139366
140206 142963
143431 143484
144062 144599
145513 151247
151489 152471
153628 169382
170675 172170
172839 172971
173406 173573
174148 174508
175237 177329
177985 184709
184869 195834
196089 197475
198166 221125
222360 234597
235474 237539
238575 242755
243157 243529
244240 245169
246247 246874
252532 252847
258158 258839
260597 264339
266522 266903
267496 269028
269166 270186
270780 279413
280181 289713
290224 296149
296365 300025
300487 301444
301944 302364
303074 303709
304525 305003
305321 305487
306505 310748
311708 312796
313440 315377
315705 317248
318091 318894
320864 322696
323800 323932
324750 327826
328276 329033
329809 329866
330609 332928
333677 351505
351742 357368
358038 360769
361747 367173
367899 368353
369091 373711
374409 380313
381383 383647
384594 386065
386566 413766
414514 419708
421084 421709
421840 442583
443168 449200
449897 450758
452365 453647
454812 456487
457144 458004
460249 460334
461247 464567
464867 465280
466366 469069
469657 476832
477338 477398
478698 482162
483019 484731
486051 486374
486986 487391
488678 489038
490207 490267
490705 496907
498028 502293
502809 506166
506807 508488
509430 512278
512953 521018
521564 526553
526635 551965
552528 555709
556054 557009
557391 569774
570389 585085
585854 587894
588175 591661
592248 594400
594900 609978
610465 613465
613759 617714
619049 624399
624794 627588
627965 643302
643598 659708
660675 664917
665459 666366
666595 679880
681212 692118
692602 694674
695256 695340
695862 696834
697464 702090
703069 710147
710550 721878
722248 737386
738572 740153
740936 744605
745386 745576
746126 755477
755947 765321
765742 770785
771198 771553
772104 772463
772768 773481
774399 775471
775958 776068
777450 779870
781030 783849
784257 785014
785797 790468
791210 796061
796464 804323
805017 806584
807535 808689
808825 815737
816306 816391
817001 822737
822993 826028
826295 828337
828781 833157
834128 841941
842405 844173
844719 850891
851347 852849
853448 858868
859130 873210
873505 907116
907496 920079
920568 935693
935837 945148
945728 951467
951773 953839
954106 955289
955705 969378
969979 998283
998667 1008597
1008799 1018237
1018818 1030496
1031077 1035750
1036427 1037073
1037340 1041951
1042497 1043189
1043481 1043979
1044407 1052422
1052818 1055360
1057268 1069904
1070482 1071323
1071446 1082402
1082882 1093405
1094030 1094469
1094955 1096056
1096282 1096750
1097967 1098129
1099313 1104294
1104497 1105563
1106320 1106866
1108163 1108385
1108913 1108979
1109781 1114457
1116658 1122049
1122566 1124701
1125287 1138190
1139713 1140350
1140781 1144277
1145107 1150636
1151226 1152282
1153005 1164231
1165066 1168160
1168730 1174110
1174647 1175743
1176402 1177493
1177786 1178612
1179263 1186936
1187166 1195326
1196300 1198812
1199103 1200786
1201964 1207154
1207692 1211916
1213172 1215755
1216195 1217701
1217965 1220904
1222097 1229087
1230748 1233938
1234589 1235565
1236021 1236127
1237060 1237545
1237749 1238322
1240849 1243399
1244082 1244654
1245201 1245966
1246601 1250419
1251105 1251880
1253534 1259018
1259370 1259484
1260074 1263048
1263510 1283682
1284052 1288194
1288711 1297141
1298935 1299152
1299843 1299951
1300460 1301161
1301594 1304956
1306065 1317498
1317859 1320644
1321522 1321975
1322427 1326405
1328231 1335209
1335922 1336918
1337852 1338029
1339043 1340250
1341731 1345278
1345866 1351848
1352326 1356813
1357755 1357962
1358727 1359228
1361484 1361869
1363689 1363779
1364286 1364574
1365069 1375828
1376040 1380729
1381775 1381842
1382303 1382429
1382737 1384973
1386201 1387697
1388594 1397129
1397672 1399888
1400390 1403568
1404366 1412556
1414086 1416638
1417846 1421864
1423471 1423747
1424486 1426352
1426798 1429360
1430720 1434969
1435555 1435812
1436309 1449262
1449681 1450753
1450876 1453072
1453666 1458238
1459033 1468309
1468982 1469217
1469488 1476385
1477187 1477596
1478265 1481342
1481799 1482492
1483794 1483948
1485023 1486810
1487210 1487459
1488600 1495007
1495544 1496409
1496995 1507253
1508478 1508618
1508858 1512637
1512871 1514551
1514884 1517227
1517507 1518127
1518531 1524383
1524970 1525050
1525725 1526320
1526434 1527341
1528274 1528669
1529185 1529515
1530691 1532318
1533045 1536442
1536860 1545324
1545486 1545960
1546635 1546998
1547642 1552550
1553072 1553390
1553883 1557149
1557811 1558271
1558937 1559080
1561186 1567913
1568531 1577272
1577907 1578308
1578507 1582121
1582628 1585212
1585508 1585777
1586674 1621080
1622493 1625279
1625778 1632832
1633507 1638203
1638935 1648094
1648396 1659276
1661053 1662361
1662610 1663707
1666723 1667291
1668984 1669043
1670181 1670936
1672417 1676351
1677640 1678089
1679843 1684678
Sphingorhabdus_wooponensis_NZ_RWJI01000002.1
1 2628
3725 4754
5987 6768
8324 9011
10248 11001
13966 15847
16451 27800
28178 30386
30890 31427
31955 33741
34527 37982
38713 43536
43951 46640
47141 53642
55586 64441
65674 65884
66640 67205
69495 70191
71225 72907
73443 79366
80619 85041
85531 86927
87526 90066
91308 92165
93547 101066
101633 105494
107118 107673
108023 108919
109426 109541
110265 112585
113164 117961
118401 128710
129381 130286
131051 132830
134195 137809
139782 141673
142178 142964
143046 144447
144897 145936
146557 147420
148435 151772
153933 154030
155481 155592
156519 156999
157743 158235
158856 158958
159798 160804
163136 171213
172659 173030
173491 181085
182248 183924
184167 184479
185685 186493
187912 189381
189769 190279
192108 193271
194575 194842
195497 196670
197100 212248
213057 216907
217180 218782
219278 220895
221299 225220
225800 230138
231321 232707
233320 233743
234143 240918
243177 243812
244553 248329
249244 249738
250392 253502
254353 256178
256775 257255
258351 258566
260314 263684
264843 265712
266278 266527
267452 267513
270801 273311
273627 279585
280727 281239
282138 282360
283018 303283
304116 304168
304705 309348
310190 312517
313227 313702
314560 315462
316008 316194
316484 317200
318537 319029
319625 320095
320853 321696
324070 325314
325981 327844
328301 328504
329091 330529
331419 333312
333928 335595
336192 337286
337842 338808
339279 344884
345438 345884
346845 347336
348872 349470
350376 354910
355801 362594
363149 365617
366215 371395
372150 377331
378010 378085
378698 381566
382189 382510
383009 393999
Sphingorhabdus_wooponensis_NZ_RWJI01000003.1
1 21377
22041 28690
30095 32811
34056 37368
38044 41271
41974 46496
47012 48529
49099 50781
52139 56560
57237 57289
58641 61158
61303 63767
64637 65210
66333 75402
Sphingorhabdus_wooponensis_NZ_RWJI01000004.1
1 1622
1624 7848
Sphingorhabdus_wooponensis_NZ_RWJI01000005.1
1 7267
Sphingorhabdus_wooponensis_NZ_RWJI01000006.1
1 307
309 4811
Sphingorhabdus_wooponensis_NZ_RWJI01000007.1
1 2861
Sphingorhabdus_wooponensis_NZ_RWJI01000008.1
1 1049
