Sediminibacterium_sp_QYPL01000001.1
1 7352
8980 9208
9774 13738
26156 27556
28102 29269
29878 31961
33204 37123
37995 39713
40133 40407
46357 46527
47325 48862
Sediminibacterium_sp_QYPL01000002.1
4373 4725
5551 10391
11184 12161
17681 22691
23018 34891
37974 38545
38851 43058
44538 47774
50850 69401
70859 74798
77303 85220
87137 90969
91879 102241
103586 106310
106844 111574
129747 132701
140484 140541
142558 142852
145020 149582
154471 157826
160713 161407
161930 164928
Sediminibacterium_sp_QYPL01000003.1
1 167
13474 17716
22742 25946
26147 29715
31754 31958
35815 37154
44362 44859
47790 47901
51852 56763
58180 62171
62540 62747
64186 64350
66798 68896
79398 79490
79943 80180
82106 83713
85074 87513
Sediminibacterium_sp_QYPL01000004.1
7058 7639
15995 19045
21117 21735
22611 22667
26184 27679
38846 40252
40700 40919
42349 43275
45448 45802
46635 46687
46852 47401
49482 51870
56689 56784
57303 57512
62327 63688
64088 65676
67966 68602
73334 76786
81508 82775
83725 95891
96503 97202
103688 104490
105280 105344
107476 118388
118765 118998
119319 126590
132371 135328
136265 136445
138096 138664
Sediminibacterium_sp_QYPL01000005.1
1 117
2567 4147
5738 11426
12591 12647
17659 21964
22796 29946
32410 33521
34063 37689
38664 42067
42223 43073
48999 49152
52412 52967
55755 56298
61429 71568
72264 72626
77249 77467
86057 86125
91250 94107
95126 95232
99265 99368
99570 101300
101782 104339
106181 116092
118419 119725
124823 127304
131111 131237
131588 135253
135329 135469
140059 141952
Sediminibacterium_sp_QYPL01000006.1
851 10643
11056 12685
14873 15920
16393 20930
21325 22360
25204 28694
32407 35560
37383 50377
50812 51629
54926 56549
56688 59857
60026 64067
67317 67494
73902 75075
77544 77610
78271 78514
Sediminibacterium_sp_QYPL01000007.1
1292 1736
4913 6771
10412 10603
12011 12256
Sediminibacterium_sp_QYPL01000008.1
1 1447
4097 6448
8147 9235
12075 12519
14896 15132
17013 17364
23756 26872
27460 27826
30105 30210
31755 31912
Sediminibacterium_sp_QYPL01000009.1
2639 6443
8134 8186
9643 9791
10952 14544
16936 26656
28428 29205
29308 29438
29568 30432
31847 34062
34194 37519
37814 44469
45791 49378
Sediminibacterium_sp_QYPL01000010.1
4022 4093
7949 17682
18541 20053
20658 20931
21384 22755
26259 27901
28591 37916
44180 46654
46830 48877
49013 49494
54678 58526
58718 59504
Sediminibacterium_sp_QYPL01000011.1
1 3003
4693 4750
7522 7829
16894 16948
17583 17633
22945 23320
27355 28032
28868 31873
32914 41312
Sediminibacterium_sp_QYPL01000012.1
1 1697
4908 7483
7732 11049
13973 14115
14789 15468
17096 17409
18045 21829
23887 24141
24693 24744
26078 26919
42032 42414
42931 43165
45682 45804
46822 50692
56767 62126
Sediminibacterium_sp_QYPL01000013.1
2296 2521
4569 8255
21315 21388
23000 25324
26630 26796
29633 30974
36009 36264
37781 40117
41879 46324
46426 56234
Sediminibacterium_sp_QYPL01000014.1
3178 4222
4641 6341
16133 16454
17929 18489
20548 21385
25280 27655
32045 32270
41111 42694
42884 43660
43866 54547
54943 56104
58252 58825
63513 68151
70050 76304
77375 78366
82746 85240
88716 89482
91278 93346
94365 94518
95867 101080
101701 102087
104107 106858
114588 117789
120123 120315
122250 126274
127471 141018
142613 145762
152968 153291
154518 159873
161304 161418
164395 165096
169045 169693
170937 171465
172417 174417
177660 181137
182219 184661
187210 189720
191154 191918
194881 197646
197855 200235
Sediminibacterium_sp_QYPL01000015.1
1 53
3833 4302
6030 6222
6885 7442
10634 14187
19818 20847
24297 24879
27746 40051
47762 47964
56916 61751
62186 62408
Sediminibacterium_sp_QYPL01000016.1
5653 7376
19564 22421
23828 24734
28141 31971
33085 33263
41617 41673
Sediminibacterium_sp_QYPL01000017.1
1 4270
5028 5463
7224 7728
8733 13886
17112 17222
23868 25306
26144 26395
31333 33611
35185 41790
45226 46399
46597 47369
48015 48106
50234 52261
52417 54552
56895 58097
59834 62211
Sediminibacterium_sp_QYPL01000018.1
1 197
6279 7349
13616 13752
13919 14517
18483 24254
27654 28852
30418 36161
41163 46594
46730 47949
50251 57353
64670 64881
66514 68394
74207 74964
77848 80116
82132 82459
85606 85738
89809 96193
100332 100924
101726 103228
103435 103726
Sediminibacterium_sp_QYPL01000019.1
1 521
2125 2370
2579 2689
3867 8239
9237 16998
Sediminibacterium_sp_QYPL01000020.1
3265 5028
8566 13569
19690 19768
21202 23708
29224 31787
34034 35630
39880 46386
50310 51450
56803 57137
66765 67063
Sediminibacterium_sp_QYPL01000021.1
1 357
435 624
1160 3306
15192 15604
17843 18870
19411 19477
25747 30340
30974 32441
33921 35663
Sediminibacterium_sp_QYPL01000022.1
3183 5129
7172 17221
18329 18404
Sediminibacterium_sp_QYPL01000023.1
3512 3996
9925 10298
22561 25394
25973 34236
34995 43332
43843 44022
44737 46673
47137 51462
Sediminibacterium_sp_QYPL01000024.1
4094 6204
7945 8011
8686 14507
14675 14844
15640 16394
Sediminibacterium_sp_QYPL01000025.1
1 68
3205 12632
13146 13477
Sediminibacterium_sp_QYPL01000026.1
1 2281
3751 8089
9966 11428
11991 12066
13927 14763
17023 19086
Sediminibacterium_sp_QYPL01000027.1
1 1045
1925 2896
9770 9991
13034 14371
18730 18800
22137 24833
Sediminibacterium_sp_QYPL01000028.1
1 1348
1656 6776
10222 13865
13997 14218
14741 17698
21977 22754
30222 30477
Sediminibacterium_sp_QYPL01000029.1
1 392
627 1078
1574 1631
5891 8708
10633 10816
12630 13923
18498 20469
Sediminibacterium_sp_QYPL01000030.1
1 5095
12481 12534
13976 14026
18271 18880
