Sphingorhabdus_wooponensis_NZ_RWJI01000001.1
1 8891
9398 13524
14621 15092
17801 17982
18491 20707
20869 22451
23263 23423
24785 25088
26054 28065
28474 35840
37730 38985
39259 39753
40140 41447
42546 46414
47090 47199
48559 51997
52601 54553
55649 63956
64311 68591
68907 76759
77745 99496
100119 100479
100742 101549
103913 104612
105481 116099
116348 117654
118571 123162
123304 126121
130684 130816
131926 136695
137279 138375
139030 139366
140206 142963
143431 143484
144062 144599
145513 151247
151489 152471
153628 169382
170675 172170
172839 172971
173406 173573
174148 174508
175237 177329
177985 184709
184869 195834
196089 197475
198166 221125
222360 234597
235474 237539
238575 242755
243157 243529
244240 245169
246247 246874
252532 252847
258158 258839
260597 264339
266522 266903
267496 269028
269166 270186
270780 279413
280181 289713
290224 296149
296365 300025
300487 301444
301944 302364
303074 303709
304525 305003
305321 305487
306505 310748
311708 312796
313440 315377
315705 317248
318091 318894
320864 322696
323800 323932
324750 327826
328276 329033
329809 329866
330609 332928
333677 351505
351742 357368
358038 360769
361747 367173
367899 368353
369091 373711
374409 380313
381383 383647
384594 386065
386566 413766
414514 419708
421084 421709
421840 442583
443168 449200
449897 450758
452365 453647
454812 456487
457144 458004
460249 460334
461247 464567
464867 465280
466366 469069
469657 476832
477338 477398
478698 482162
483019 484731
486051 486374
486986 487391
488678 489038
490207 490267
490705 496907
498028 502293
502809 506166
506807 508488
509430 512278
512953 521018
521564 526553
526635 551965
552528 555709
556054 557009
557391 569774
570389 585085
585854 587894
588175 591661
592248 594400
594900 609978
610465 613465
613759 617714
619049 624399
624794 627588
627965 643302
643598 659708
660675 664917
665459 666366
666595 679880
681212 692118
692602 694674
695256 695340
695862 696834
697464 702090
703069 710147
710550 721878
722248 737386
738572 740153
740936 744605
745386 745576
746126 755477
755947 765321
765742 770785
771198 771553
772104 772463
772768 773481
774399 775471
775958 776068
777450 779870
781030 783849
784257 785014
785797 790468
791210 796061
796464 804323
805017 806584
807535 808689
808825 815737
816306 816391
817001 822737
822993 826028
826295 828337
828781 833157
834128 841941
842405 844173
844719 850891
851347 852849
853448 858868
859130 873210
873505 907116
907496 920079
920568 935693
935837 945148
945728 951467
951773 953839
954106 955289
955705 969378
969979 998283
998667 1008597
1008799 1018237
1018818 1030496
1031077 1035750
1036427 1037073
1037340 1041951
1042497 1043189
1043481 1043979
1044407 1052422
1052818 1055360
1057268 1069904
1070482 1071323
1071446 1082402
1082882 1093405
1094030 1094469
1094955 1096056
1096282 1096750
1097967 1098129
1099313 1104294
1104497 1105563
1106320 1106866
1108163 1108385
1108913 1108979
1109781 1114457
1116658 1122049
1122566 1124701
1125287 1138190
1139713 1140350
1140781 1144277
1145107 1150636
1151226 1152282
1153005 1164231
1165066 1168160
1168730 1174110
1174647 1175743
1176402 1177493
1177786 1178612
1179263 1186936
1187166 1195326
1196300 1198812
1199103 1200786
1201964 1207154
1207692 1211916
1213172 1215755
1216195 1217701
1217965 1220904
1222097 1229087
1230748 1233938
1234589 1235565
1236021 1236127
1237060 1237545
1237749 1238322
1240849 1243399
1244082 1244654
1245201 1245966
1246601 1250419
1251105 1251880
1253534 1259018
1259370 1259484
1260074 1263048
1263510 1283682
1284052 1288194
1288711 1297141
1298935 1299152
1299843 1299951
1300460 1301161
1301594 1304956
1306065 1317498
1317859 1320644
1321522 1321975
1322427 1326405
1328231 1335209
1335922 1336918
1337852 1338029
1339043 1340250
1341731 1345278
1345866 1351848
1352326 1356813
1357755 1357962
1358727 1359228
1361484 1361869
1363689 1363779
1364286 1364574
1365069 1375828
1376040 1380729
1381775 1381842
1382303 1382429
1382737 1384973
1386201 1387697
1388594 1397129
1397672 1399888
1400390 1403568
1404366 1412556
1414086 1416638
1417846 1421864
1423471 1423747
1424486 1426352
1426798 1429360
1430720 1434969
1435555 1435812
1436309 1449262
1449681 1450753
1450876 1453072
1453666 1458238
1459033 1468309
1468982 1469217
1469488 1476385
1477187 1477596
1478265 1481606
1481799 1482492
1483794 1483948
1485023 1486810
1487210 1487459
1488600 1495007
1495544 1496409
1496995 1507253
1508478 1508618
1508858 1512637
1512871 1514551
1514884 1517227
1517507 1518127
1518531 1524383
1524970 1525050
1525725 1526320
1526434 1527341
1528274 1528669
1529185 1529515
1530691 1532318
1533045 1536442
1536860 1545324
1545486 1545960
1546635 1546998
1547642 1552550
1553072 1553390
1553883 1557149
1557811 1558271
1558937 1559080
1561186 1567913
1568531 1577272
1577907 1578308
1578507 1582121
1582628 1585212
1585508 1585777
1586674 1621080
1622493 1625279
1625778 1632832
1633507 1638203
1638935 1648094
1648396 1659276
1661053 1662361
1662610 1663707
1666723 1667291
1668984 1669043
1670181 1670936
1672417 1676351
1677640 1678089
1679843 1684678
Sphingorhabdus_wooponensis_NZ_RWJI01000002.1
1 2628
3725 4754
5987 6768
8324 9011
10248 11001
13966 15847
16451 27800
28178 30386
30890 31427
31955 33741
34527 37982
38713 43536
43951 46640
47141 53642
55586 64441
65674 65884
66640 67205
69495 70191
71225 72907
73443 79366
80619 85041
85531 86927
87526 90066
91308 92165
93547 101066
101633 105494
107118 107673
108023 108919
109426 109541
110265 112585
113164 117961
118401 128710
129381 130286
131051 132830
134195 137809
139782 141673
142178 142964
143046 144447
144897 145936
146557 147420
148435 151772
153933 154030
155481 155592
156519 156999
157743 158235
158856 158958
159798 160804
163136 171213
172659 173030
173491 181085
182248 183924
184167 184479
185685 186493
187912 189381
189769 190279
192108 193271
194575 194842
195497 196670
197100 212248
213057 216907
217180 218782
219278 220895
221299 225220
225800 230138
231321 232707
233320 233743
234143 240918
243177 243812
244553 248329
249244 249738
250392 253502
254353 256178
256775 257255
258351 258566
260314 263684
264843 265712
266278 266527
267452 267513
270801 273311
273627 279585
280727 281239
282138 282360
283018 303283
304116 304168
304705 309348
310190 312517
313227 313702
314560 315462
316008 316194
316484 317200
318537 319029
319625 320095
320853 321696
324070 325314
325981 328504
329091 330529
331419 333312
333928 335595
336192 337286
337842 338808
339279 344884
345438 345884
346845 347336
348872 349470
350376 354910
355801 362594
363149 365617
366215 371395
372150 377331
378010 378085
378698 381566
382189 382510
383009 393999
Sphingorhabdus_wooponensis_NZ_RWJI01000003.1
1 21377
22041 28690
30095 32811
34056 37368
38044 41271
41974 46496
47012 48529
49099 50781
52139 56560
57237 57289
58641 61158
61303 63767
64637 65210
66333 75402
Sphingorhabdus_wooponensis_NZ_RWJI01000004.1
1 1622
1624 7848
Sphingorhabdus_wooponensis_NZ_RWJI01000005.1
1 7267
Sphingorhabdus_wooponensis_NZ_RWJI01000006.1
1 307
309 4811
Sphingorhabdus_wooponensis_NZ_RWJI01000007.1
1 2861
Sphingorhabdus_wooponensis_NZ_RWJI01000008.1
1 1049
